1 [1, '85', '78', 5, 5, 13]
2 [0, '83', '77', 4, 2, 13]
3 [-1, '79', '78', 2, 4, 2]
4 [1, '80', '77', 4, 2, 5]
5 [0, '79', '86', 4, 4, -6]
6 [1, '79', '75', 3, 5, 0]
7 [-1, '75', '74', 2, 5, 1]
8 [1, '75', '78', 2, 5, 2]
9 [2, '80', '75', 2, 6, 10]
10 [1, '75', '85', 7, 5, -24]
11 [3, '78', '75', 3, 2, 10]
12 [6, '86', '80', 4, 1, 19]
13 [0, '78', '79', 6, 2, -10]
14 [-1, '75', '80', 1, 4, -1]
15 [-2, '77', '79', 2, 5, 0]
16 [-1, '74', '83', 5, 4, -18]
17 [2, '75', '79', 5, 2, 1]
18 [1, '78', '75', 5, 2, 0]
19 [1, '79', '86', 2, 3, -12]
20 [4, '85', '79', 6, 5, 17]
21 [-3, '75', '75', 2, 7, -3]
22 [0, '85', '86', 5, 4, 4]
23 [-1, '75', '74', 0, 0, 1]
24 [-2, '83', '78', 3, 3, 4]
25 [-3, '75', '75', 2, 4, 0]
26 [1, '79', '80', 5, 4, 1]
27 [0, '80', '77', 1, 2, 5]
28 [2, '79', '78', 2, 7, 12]
29 [-3, '75', '77', 2, 2, -3]
30 [1, '79', '78', 1, 4, 2]
31 [1, '78', '75', 7, 2, 6]
32 [-2, '77', '85', 2, 6, -23]
33 [0, '80', '77', 5, 1, 0]
34 [-1, '75', '83', 3, 4, -2]
36 [3, '79', '80', 4, 2, 12]
37 [1, '86', '75', 6, 3, 3]
38 [2, '78', '79', 5, 2, 0]
39 [0, '78', '75', 2, 0, -3]
40 [1, '75', '79', 6, 0, 0]
41 [-2, '79', '75', 2, 5, 7]
42 [0, '83', '78', 4, 6, 14]
43 [-4, '75', '75', 0, 4, -6]
44 [2, '75', '78', 2, 0, 4]
45 [-2, '75', '78', 4, 3, -1]
46 [0, '80', '80', 2, 5, 1]
47 [-1, '77', '74', 2, 5, 1]
48 [0, '75', '77', 3, 2, 3]
49 [1, '75', '75', 4, 1, -1]
51 [3, '78', '83', 4, 5, -3]
61 [3, '83', '75', 6, 3, 11]
62 [-1, '77', '75', 1, 3, 0]
63 [-1, '79', '77', 0, 2, 3]
64 [-1, '75', '78', 0, 3, -3]
65 [1, '75', '80', 3, 3, 0]
66 [1, '85', '80', 0, 6, 13]
67 [0, '79', '79', 2, 3, 7]
68 [-1, '75', '78', 3, 0, -1]
69 [-2, '79', '79', 3, 3, -5]
70 [1, '80', '78', 7, 2, 4]
71 [5, '78', '75', 2, 3, 5]
72 [0, '86', '83', 7, 6, 4]
75 [2, '78', '77', 6, 2, -3]
76 [4, '80', '79', 3, 3, -4]
77 [2, '75', '74', 3, 2, 2]
78 [1, '77', '75', 1, 1, -5]
79 [-1, '74', '78', 2, 6, -3]
80 [1, '83', '77', 7, 0, 9]
81 [0, '77', '78', 3, 1, -1]
82 [1, '75', '79', 0, 3, -5]
84 [0, '78', '75', 2, 3, 2]
91 [0, '80', '75', 3, 0, -5]
95 [-1, '78', '74', 1, 2, -1]
99 [-2, '75', '78', 0, 4, 0]
101 [-2, '75', '79', 2, 2, -5]
102 [3, '83', '80', 7, 4, 10]
103 [1, '78', '78', 2, 2, -4]
121 [0, '78', '78', 5, 1, -7]
122 [1, '77', '79', 4, 3, -1]
125 [3, '74', '77', 2, 0, 8]
126 [0, '79', '80', 2, 2, 3]
127 [1, '75', '80', 3, 4, 1]
131 [1, '80', '78', 2, 1, -2]
132 [1, '79', '75', 2, 0, 3]
133 [1, '79', '74', 4, 2, 1]
137 [2, '80', '77', 4, 4, 7]
138 [0, '77', '78', 0, 0, 0]
139 [-1, '77', '78', 1, 5, 0]
140 [2, '80', '75', 3, 1, 6]
141 [0, '80', '78', 4, 3, 1]
142 [0, '85', '74', 6, 2, 21]
143 [1, '79', '75', 5, 4, 1]
144 [3, '86', '78', 0, 2, 16]
145 [-1, '75', '77', 2, 5, -4]
146 [-1, '75', '83', 0, 6, -8]
147 [-1, '79', '75', 5, 5, 1]
148 [0, '79', '75', 2, 2, 1]
149 [1, '75', '75', 2, 0, 0]
151 [2, '75', '79', 4, 3, 2]
152 [0, '78', '85', 3, 7, -22]
153 [0, '74', '75', 3, 3, 0]
154 [0, '75', '86', 1, 4, -20]
155 [1, '75', '80', 5, 4, 3]
156 [1, '78', '79', 4, 6, -1]
157 [4, '77', '79', 5, 4, -4]
158 [5, '78', '77', 2, 1, 0]
160 [1, '85', '75', 7, 0, 12]
161 [0, '79', '74', 0, 3, 9]
162 [3, '83', '75', 5, 1, 17]
163 [1, '75', '78', 4, 4, 1]
164 [2, '79', '78', 6, 1, 1]
165 [0, '75', '75', 1, 0, 0]
166 [-3, '80', '86', 4, 4, -3]
167 [0, '77', '75', 0, 1, 3]
169 [0, '77', '75', 5, 0, -1]
170 [-5, '78', '85', 3, 7, -24]
171 [-1, '78', '80', 0, 3, -1]
172 [6, '86', '77', 5, 2, 30]
174 [1, '75', '80', 2, 5, -2]
175 [1, '79', '75', 5, 1, 6]
176 [0, '83', '75', 5, 3, 0]
177 [-3, '78', '79', 4, 4, -6]
178 [0, '74', '79', 3, 4, -9]
179 [1, '78', '75', 3, 4, -1]
181 [0, '78', '79', 4, 4, -5]
182 [1, '75', '79', 7, 3, 1]
183 [-1, '75', '80', 1, 3, -8]
184 [-1, '77', '80', 2, 5, -4]
185 [-1, '77', '83', 6, 6, -13]
186 [-1, '86', '79', 5, 4, 6]
187 [6, '75', '75', 3, 1, 6]
188 [1, '74', '75', 4, 1, -1]
189 [-1, '75', '78', 2, 4, -7]
190 [0, '80', '86', 3, 0, -16]
191 [0, '79', '77', 3, 0, 1]
192 [2, '79', '75', 5, 0, 1]
193 [3, '85', '75', 0, 2, 32]
194 [1, '75', '78', 4, 2, 1]
195 [-2, '79', '78', 4, 2, 14]
196 [-1, '75', '77', 1, 6, 1]
197 [1, '80', '75', 4, 0, 0]
198 [2, '83', '74', 6, 3, 17]
199 [-2, '77', '80', 3, 4, -3]
200 [-1, '80', '79', 5, 4, -3]
201 [-3, '86', '85', 6, 6, -5]
202 [1, '78', '83', 4, 6, -5]
203 [-2, '78', '79', 1, 4, -9]
204 [1, '75', '75', 5, 3, 2]
205 [3, '77', '75', 5, 0, 0]
206 [2, '78', '79', 2, 4, -1]
207 [2, '74', '75', 4, 1, -2]
208 [0, '75', '75', 1, 3, 0]
209 [-2, '75', '78', 3, 2, -1]
210 [0, '75', '78', 2, 3, 3]
211 [-1, '80', '79', 4, 4, -9]
213 [1, '83', '75', 7, 5, 1]
214 [1, '77', '80', 4, 6, 0]
215 [0, '79', '78', 3, 2, 0]
216 [0, '79', '75', 0, 2, 1]
217 [-1, '78', '75', 3, 4, -1]
218 [-2, '79', '85', 4, 5, -14]
219 [-1, '75', '79', 2, 4, -7]
220 [-1, '78', '83', 2, 6, -15]
221 [-2, '78', '75', 3, 3, -2]
222 [1, '80', '80', 7, 4, -1]
223 [1, '77', '75', 3, 4, -3]
224 [5, '86', '79', 5, 5, 14]
225 [0, '74', '77', 3, 3, -2]
226 [2, '75', '75', 5, 2, 2]
230 [1, '74', '80', 3, 7, -5]
231 [2, '75', '79', 5, 0, 1]
232 [0, '79', '86', 2, 4, -9]
233 [2, '79', '77', 7, 2, 11]
234 [1, '83', '78', 5, 4, 6]
235 [0, '85', '80', 5, 5, 12]
236 [0, '75', '75', 2, 2, 1]
237 [1, '78', '74', 3, 0, 0]
238 [0, '80', '85', 8, 0, 0]
240 [0, '78', '75', 5, 1, 2]
241 [0, '77', '79', 2, 2, -4]
242 [-5, '75', '83', 2, 4, 0]
243 [0, '78', '75', 3, 3, 0]
244 [1, '86', '75', 5, 2, 10]
245 [-1, '75', '77', 3, 2, 0]
246 [1, '80', '75', 5, 0, 1]
247 [5, '77', '78', 1, 4, 5]
248 [0, '79', '79', 2, 0, 1]
249 [-2, '75', '75', 0, 0, -3]
250 [-2, '78', '80', 2, 9, -5]
251 [1, '75', '77', 0, 2, 6]
252 [0, '83', '86', 2, 0, 0]
253 [1, '79', '80', 5, 4, 9]
254 [-3, '75', '85', 4, 7, 0]
255 [3, '74', '75', 3, 0, 3]
256 [0, '75', '78', 3, 5, 0]
257 [3, '86', '75', 6, 2, 4]
258 [2, '78', '77', 5, 0, 1]
259 [2, '79', '75', 5, 1, 4]
260 [2, '80', '79', 0, 2, -5]
261 [-1, '75', '75', 0, 3, 1]
262 [1, '85', '79', 7, 5, 10]
263 [1, '75', '78', 3, 0, 0]
264 [-1, '77', '83', 3, 2, -14]
265 [3, '80', '75', 8, 4, 0]
266 [0, '78', '74', 5, 2, 1]
267 [-2, '75', '77', 0, 3, 0]
270 [0, '77', '75', 1, 2, 0]
271 [1, '75', '86', 2, 0, 0]
272 [1, '74', '78', 3, 3, 0]
273 [1, '79', '75', 5, 4, 1]
274 [-2, '79', '85', 1, 8, -17]
275 [0, '83', '79', 3, 3, -4]
276 [-1, '75', '80', 0, 0, 0]
277 [-1, '77', '75', 2, 2, 0]
278 [0, '78', '78', 3, 0, 6]
279 [3, '86', '77', 7, 0, 0]
280 [1, '75', '79', 3, 1, 0]
281 [-1, '80', '83', 0, 0, -7]
282 [4, '79', '75', 5, 2, 3]
283 [2, '85', '75', 0, 0, 0]
284 [4, '80', '79', 6, 4, 0]
285 [2, '78', '75', 5, 0, -2]
288 [-3, '78', '80', 4, 5, -6]
289 [-2, '75', '75', 0, 3, 0]
290 [-1, '75', '79', 0, 5, 0]
291 [0, '77', '77', 1, 2, -5]
292 [0, '83', '85', 4, 0, -2]
293 [-2, '75', '78', 0, 4, -1]
294 [-1, '74', '86', 2, 0, -24]
295 [1, '79', '79', 0, 6, 1]
296 [0, '78', '75', 2, 2, 0]
316 [-1, '74', '83', 0, 4, 0]
317 [2, '75', '79', 5, 0, 0]
318 [1, '78', '75', 0, 2, 0]
319 [1, '79', '86', 2, 3, 0]
326 [5, '85', '77', 0, 0, 0]
338 [-2, '75', '75', 0, 0, 0]
